3
6
10
17
23
29
30
32
35
40
41
48
54
56
68
75
78
89
97
103
105
106
113
114
121
133
138
152
156
159
161
170
175
184
186
187
193
196
200
204
207
209
210
211
214
221
224
225
227
233
237
239
240
246
248
251
253
255
261
262
265
269
277
283
286
288
291
294
298
305
311
316
317
319
321
323
331
332
337
342
344
348
349
359
361
363
369
371
380
384
388
397
407
409
410
416
417
427
428
432
435
439
440
442
449
452
455
457
465
472
476
479
488
493
494
497
505
513
517
532
535
547
548
551
556
557
561
563
568
570
584
585
591
606
608
609
613
614
621
625
631
643
650
652
654
655
662
664
667
668
671
672
673
684
686
687
695
699
701
702
704
709
712
716
717
718
720
721
723
725
736
738
744
750
751
755
764
769
774
775
776
779
786
798
804
825
826
831
832
840
842
846
849
859
861
877
889
893
897
900
904
905
906
908
910
926
932
936
943
946
953
962
973
974
975
981
986
996
998
1007
1013
1020
1023
1027
1030
1033
1040
1047
1048
1059
1062
1073
1083
1084
1085
1086
1091
1096
1098
1099
1101
1102
1106
1107
1118
1119
1121
1123
1135
1136
1144
1153
1156
1157
1158
1160
1162
1168
1182
1185
1186
1197
1199
1217
1218
1219
1220
1223
1235
1236
1242
1243
1251
1253
1254
1258
1262
1268
1273
1274
1279
1292
1297
1299
1303
1304
1311
1312
1314
1318
1321
1324
1326
1328
1341
1342
1353
1356
1357
1365
1371
1372
1373
1376
1379
1380
1382
1384
1391
1396
1403
1408
1410
1414
1419
1420
1422
1423
1424
1435
1441
1445
1451
1456
1457
1458
1460
1463
1464
1465
1471
1482
1491
1493
1499
1503
1509
1528
1531
1541
1542
1544
1545
1554
1555
1571
1572
1582
1586
1589
1593
1597
1599
1614
1619
1636
1637
1639
1644
1652
1658
1663
1665
1667
1674
1683
1691
1699
1703
1704
1705
1708
1710
1718
1722
1725
1727
1730
1731
1736
1756
1769
1783
1785
1792
1793
1794
1796
1802
1803
1808
1810
1811
1812
1831
1836
1837
1846
1847
1852
1854
1858
1869
1871
1875
1876
1885
1889
1892
1899
1903
1905
1906
1908
1911
1917
1928
1930
1931
1933
1934
1938
1941
1943
1953
1955
1958
1962
1971
1972
1976
1977
1987
1991
2007
2008
2009
2015
2023
2025
2028
2034
2046
2047
2048
2049
2050
2051
2052
2053
2054
2069
2074
2075
2076
2084
2088
2091
2093
2097
2109
2110
2117
2120
2127
2133
2136
2142
2146
2150
2156
2162
2164
2181
2182
2187
2188
2190
2193
2198
2202
2204
2211
2213
2216
2218
2221
2225
2228
2230
2237
2242
2251
2253
2256
2259
2260
2262
2264
2284
2287
2293
2295
2308
2309
2315
2322
2328
2331
2334
2336
2344
2351
2356
2358
2386
2391
2398
2405
2408
2410
2427
2438
2444
2447
2457
2461
2463
2464
2467
2469
2473
2477
2486
2487
2493
2496
2497
2499
2506
2509
2519
2522
2525
2543
2545
2546
2560
2561
2566
2569
2571
2573
2578
2579
2582
2585
2587
2589
2591
2601
2606
2617
2618
2619
2625
2627
2629
2630
2636
2637
2644
2651
2658
2660
2662
2666
2675
2678
2679
2684
2688
2693
2703
2707
2710
2714
2716
2717
2720
2722
2729
2732
2739
2760
2761
2767
2771
2776
2777
2781
2790
2797
2804
2811
2817
2821
2839
2846
2848
2851
2853
2854
2860
2861
2863
2875
2877
2879
2885
2888
2891
2892
2895
2901
2904
2911
2912
2916
2922
2924
2925
2933
2947
2948
2949
2955
2956
2958
2962
2969
2972
2973
2974
2987
2991
2996
2999
3001
3002
3004
3008
3009
3016
3018
3019
3020
3028
3039
3047
3049
3051
3053
3054
3055
3060
3063
3064
3067
3071
3072
3076
3079
3086
3091
3094
3095
3097
3100
3115
3121
3122
3128
3135
3138
3142
3143
3144
3147
3150
3153
3157
3164
3165
3169
3170
3191
3192
3193
3196
3201
3205
3206
3210
3214
3223
3224
3230
3232
3245
3256
3261
3263
3268
3271
3278
3279
3282
3283
3288
3309
3310
3311
3312
3317
3318
3321
3322
3325
3326
3334
3336
3340
3343
3346
3349
3350
3351
3354
3357
3359
3360
3362
3366
3368
3372
3374
3376
3377
3384
3387
3388
3390
3393
3400
3401
3405
3408
3411
3413
3415
3419
3420
3423
3425
3432
3436
3444
3452
3454
3463
3469
3476
3478
3482
3485
3486
3487
3488
3489
3492
3493
3495
3497
3498
3500
3504
3513
3514
3516
3523
3527
3528
3532
3534
3540
3541
3543
3552
3553
3563
3573
3586
3589
3590
3598
3604
3605
3607
3608
3611
3613
3614
3621
3630
3634
3637
3638
3642
3648
3649
3655
3661
3663
3671
3676
3683
3684
3686
3688
3691
3694
3696
3697
3703
3705
3708
3710
3712
3714
3723
3726
3729
3732
3740
3741
3753
3756
3759
3761
3764
3766
3769
3770
3783
3786
3790
3793
3796
3800
3803
3807
3812
3823
3824
3825
3826
3827
3829
3834
3837
3841
3844
3845
3849
3850
3854
3857
3867
3873
3874
3879
3881
3886
3888
3890
3899
3905
3908
3919
3929
3938
3944
3949
3951
3953
3956
3965
3966
3968
3970
3973
3974
3979
3983
3986
4001
4004
4012
4013
4021
4045
4046
4060
4064
4065
4066
4071
4078
4081
4082
4083
4094
4096
4098
4102
4103
4110
4113
4114
4118
4122
4125
4126
4130
4133
4134
4135
4136
4139
4145
4153
4154
4159
4161
4162
4163
4171
4178
4179
4181
4182
4186
4188
4194
4197
4206
4207
4211
4212
4213
4215
4221
4225
4241
4245
4246
4250
4251
4253
4264
4268
4273
4274
4276
4278
4281
4285
4286
4289
4304
4309
4310
4313
4317
4332
4333
4347
4351
4352
4356
4362
4363
4364
4378
4383
4385
4386
4396
4402
4403
4410
4417
4418
4421
4423
4427
4431
4456
4457
4458
4459
4464
4467
4473
4474
4476
4480
4481
4490
4491
4497
4503
4507
4511
4512
4515
4517
4520
4521
4523
4527
4530
4539
4540
4541
4545
4547
4552
4555
4566
4568
4569
4570
4574
4577
4582
4585
4587
4588
4592
4602
4605
4611
4612
4614
4615
4623
4635
4637
4638
4650
4662
4666
4669
4672
4675
4676
4678
4679
4681
4682
4685
4687
4692
4695
4698
4701
4709
4716
4718
4722
4723
4727
4733
4734
4736
4738
4741
4748
4753
4755
4759
4760
4762
4763
4764
4770
4772
4776
4778
4785
4789
4794
4796
4799
4802
4808
4815
4821
4825
4828
4837
4856
4861
4871
4872
4875
4880
4892
4908
4916
4922
4924
4926
4927
4928
4930
4932
4933
4936
4938
4939
4942
4946
4948
4949
4951
4953
4959
4964
4965
4967
4968
4977
4983
4984
4985
4989
5000
5003
5006
5008
5011
5013
5018
5021
5024
5026
5028
5030
5032
5040
5046
5059
5062
5063
5071
5078
5081
5084
5086
5090
5102
5106
5114
5115
5117
5119
5124
5126
5129
5136
5146
5150
5152
5155
5157
5161
5163
5168
5173
5174
5176
5177
5178
5186
5193
5199
5201
5203
5204
5213
5216
5219
5228
5239
5248
5249
5255
5257
5258
5263
5264
5266
5269
5274
5277
5286
5287
5289
5301
5302
5304
5305
5307
5308
5310
5315
5318
5320
5321
5324
5328
5329
5331
5332
5333
5338
5342
5346
5353
5355
5374
5376
5380
5383
5387
5396
5399
5404
5406
5409
5411
5420
5424
5425
5429
5431
5445
5451
5452
5454
5459
5471
5488
5489
5493
5504
5506
5507
5514
5518
5527
5545
5546
5550
5555
5559
5569
5573
5579
5581
5584
5593
5604
5605
5607
5610
5611
5613
5624
5643
5648
5654
5661
5664
5674
5678
5684
5685
5688
5689
5691
5692
5706
5713
5715
5716
5726
5732
5735
5737
5742
5744
5751
5753
5774
5777
5782
5783
5786
5790
5792
5793
5799
5805
5811
5817
5827
5828
5829
5834
5835
5840
5844
5845
5853
5866
5867
5870
5874
5875
5881
5891
5899
5915
5916
5917
5935
5936
5947
5953
5954
5960
5966
5968
5971
5975
5989
5992
6003
6005
6016
6021
6023
6026
6033
6047
6051
6059
6064
6065
6069
6070
6081
6084
6086
6093
6100
6112
6118
6125
6126
6131
6135
6140
6144
6148
6149
6150
6152
6153
6157
6158
6159
6165
6170
6172
6181
6189
6193
6194
6197
6198
6203
6209
6210
6214
6223
6240
6243
6249
6251
6252
6254
6256
6257
6266
6273
6278
6281
6296
6303
6304
6308
6311
6316
6320
6324
6326
6327
6348
6352
6357
6362
6368
6374
6380
6387
6389
6402
6404
6406
6408
6412
6433
6434
6435
6437
6443
6446
6462
6469
6471
6472
6475
6477
6482
6485
6493
6495
6498
6500
6502
6506
6510
6513
6514
6516
6522
6524
6530
6534
6537
6541
6546
6549
6557
6570
6571
6572
6573
6575
6580
6593
6609
6621
6622
6633
6637
6640
6641
6646
6656
6661
6663
6664
6665
6673
6675
6676
6680
6684
6686
6694
6695
6716
6717
6735
6740
6741
6742
6748
6757
6759
6764
6768
6773
6777
6778
6779
6781
6787
6788
6790
6795
6802
6805
6806
6817
6820
6821
6831
6834
6848
6850
6866
6873
6877
6884
6893
6897
6898
6908
6911
6925
6927
6929
6931
6935
6938
6944
6947
6951
6957
6961
6976
6977
6981
6983
6987
6999
7006
7011
7015
7033
7036
7038
7045
7048
7071
7081
7085
7086
7093
7094
7096
7097
7099
7103
7104
7114
7116
7121
7124
7130
7133
7135
7138
7146
7148
7161
7163
7174
7179
7187
7188
7190
7195
7196
7198
7203
7211
7215
7217
7218
7219
7228
7232
7233
7234
7250
7251
7257
7258
7262
7298
7302
7309
7319
7321
7322
7325
7327
7329
7332
7334
7337
7339
7341
7342
7376
7378
7379
7380
7390
7391
7399
7407
7426
7430
7450
7451
7460
7468
7470
7475
7476
7490
7499
7509
7510
7517
7521
7523
7526
7531
7543
7545
7548
7551
7562
7573
7574
7589
7590
7592
7595
7596
7598
7599
7606
7617
7618
7633
7637
7644
7646
7654
7665
7666
7669
7671
7674
7677
7678
7687
7698
7700
7704
7705
7715
7721
7725
7730
7733
7736
7739
7742
7743
7750
7755
7756
7757
7760
7779
7780
7781
7782
7786
7791
7794
7801
7809
7810
7811
7812
7813
7816
7818
7819
7822
7823
7825
7833
7836
7845
7846
7852
7856
7870
7873
7875
7878
7880
7899
7903
7910
7912
7914
7916
7917
7923
7930
7933
7935
7938
7946
7947
7960
7961
7968
7971
7973
7974
7987
7988
7993
7997
8000
8003
8006
8007
8011
8013
8019
8020
8021
8024
8025
8027
8032
8037
8041
8044
8045
8046
8049
8051
8063
8066
8075
8077
8098
8099
8105
8107
8108
8109
8111
8112
8117
8128
8135
8136
8142
8149
8157
8162
8164
8182
8196
8199
8202
8205
8206
8215
8219
8235
8236
8242
8245
8247
8248
8257
8266
8269
8273
8280
8283
8290
8293
8294
8300
8304
8306
8309
8315
8319
8322
8323
8325
8327
8330
8332
8334
8348
8352
8358
8359
8363
8366
8369
8370
8380
8384
8386
8390
8403
8405
8409
8410
8414
8416
8432
8433
8440
8447
8448
8451
8453
8460
8467
8477
8480
8487
8489
8491
8493
8500
8505
8508
8514
8521
8525
8538
8545
8546
8548
8549
8553
8556
8560
8567
8569
8580
8582
8583
8587
8589
8590
8598
8599
8608
8610
8613
8619
8624
8630
8635
8636
8637
8638
8642
8645
8657
8659
8666
8670
8674
8676
8677
8681
8683
8690
8699
8701
8711
8729
8730
8734
8747
8752
8754
8755
8757
8771
8776
8777
8779
8780
8781
8794
8797
8798
8810
8811
8813
8815
8816
8826
8833
8834
8836
8837
8840
8843
8846
8847
8859
8864
8867
8868
8870
8872
8881
8884
8893
8899
8905
8906
8910
8911
8913
8914
8918
8922
8924
8935
8937
8941
8943
8947
8955
8956
8957
8975
8986
8991
8993
8997
9002
9005
9006
9029
9033
9036
9037
9042
9046
9047
9048
9049
9054
9056
9058
9065
9067
9070
9073
9074
9075
9081
9084
9085
9090
9093
9101
9109
9110
9114
9115
9117
9120
9123
9125
9128
9132
9134
9140
9141
9144
9150
9151
9154
9161
9171
9176
9180
9181
9185
9189
9192
9193
9194
9210
9213
9215
9219
9224
9225
9231
9236
9237
9243
9246
9249
9256
9264
9265
9266
9273
9276
9281
9285
9288
9293
9294
9307
9314
9318
9319
9321
9322
9323
9325
9328
9330
9333
9334
9342
9348
9368
9369
9373
9382
9383
9387
9392
9394
9396
9398
9405
9417
9420
9425
9431
9437
9443
9445
9446
9451
9452
9455
9457
9459
9462
9463
9469
9470
9473
9478
9483
9489
9491
9499
9500
9510
9511
9517
9545
9548
9566
9567
9575
9579
9582
9594
9596
9598
9602
9606
9607
9609
9616
9630
9634
9639
9640
9642
9643
9645
9649
9650
9656
9658
9662
9667
9681
9686
9687
9690
9695
9697
9698
9702
9710
9712
9713
9728
9730
9733
9750
9752
9755
9757
9771
9777
9778
9780
9782
9786
9788
9789
9796
9797
9800
9802
9804
9805
9806
9819
9820
9821
9823
9825
9836
9841
9843
9847
9851
9852
9855
9858
9860
9866
9868
9872
9876
9879
9882
9883
9890
9895
9898
9911
9915
9917
9921
9931
9932
9938
9939
9941
9946
9951
9956
9959
9961
9967
9981
9992
9994
10003
10007
10013
10029
10030
10034
10041
10043
10046
10048
10059
10060
10061
10063
10069
10071
10074
10078
10081
10093
10095
10097
10098
10104
10105
10107
10109
10111
10114
10116
10122
10135
10136
10140
10145
10150
10165
10169
10170
10173
10174
10180
10198
10200
10204
10214
10215
10222
10226
10228
10243
10245
10251
10268
10269
10275
10278
10279
10281
10288
10295
10298
10300
10303
10307
10319
10321
10323
10332
10337
10338
10346
10347
10350
10352
10353
10357
10361
10362
10365
10366
10369
10372
10374
10385
10394
10397
10405
10406
10408
10410
10411
10412
10418
10419
10425
10426
10436
10438
10439
10440
10443
10446
10451
10458
10459
10465
10479
10480
10481
10482
10483
10484
10488
10489
10496
10498
10500
10501
10504
10507
10509
10510
10513
10516
10520
10531
10537
10538
10540
10544
10545
10547
10553
10556
10571
10575
10576
10577
10581
10586
10609
10611
10616
10617
10620
10622
10627
10628
10629
10630
10639
10644
10650
10654
10658
10662
10663
10667
10668
10677
10680
10690
10698
10704
10705
10707
10712
10714
10716
10717
10718
10719
10725
10726
10734
10739
10746
10748
10758
10762
10763
10771
10774
10786
10794
10795
10796
10798
10803
10807
10809
10822
10836
10845
10850
10852
10855
10862
10863
10867
10869
10871
10872
10887
10892
10894
10906
10907
10914
10915
10923
10925
10927
10940
10943
10944
10945
10947
10950
10953
10954
10957
10958
10959
10960
10972
10976
10979
10985
10995
10996
11005
11006
11012
11013
11019
11029
11044
11046
11048
11063
11066
11068
11069
11075
11078
11088
11091
11092
11093
11094
11095
11101
11104
11106
11110
11128
11131
11133
11136
11138
11139
11140
11145
11152
11153
11155
11156
11163
11164
11169
11172
11178
11179
11182
11183
11186
11188
11200
11203
11209
11213
11218
11220
11231
11236
11239
11259
11262
11263
11265
11267
11280
11284
11289
11291
11293
11299
11310
11314
11318
11321
11328
11331
11335
11347
11348
11353
11365
11367
11369
11379
11381
11382
11386
11394
11395
11403
11404
11407
11410
11415
11416
11420
11424
11425
11428
11431
11434
11436
11437
11442
11446
11452
11455
11460
11465
11467
11481
11482
11483
11491
11493
11505
11506
11507
11517
11520
11529
11532
11534
11539
11553
11555
11556
11565
11566
11568
11569
11572
11575
11576
11584
11585
11586
11596
11598
11600
11602
11605
11610
11619
11621
11622
11624
11628
11642
11643
11655
11659
11663
11669
11673
11674
11675
11679
11686
11689
11696
11700
11701
11705
11707
11713
11714
11715
11719
11720
11721
11725
11732
11733
11739
11740
11742
11751
11760
11764
11766
11769
11770
11785
11789
11790
11792
11798
11800
11801
11802
11805
11806
11809
11811
11816
11817
11824
11830
11834
11838
11840
11845
11847
11851
11853
11859
11861
11862
11863
11867
11873
11875
11878
11882
11896
11908
11915
11918
11919
11920
11922
11926
11927
11933
11935
11940
11948
11949
11951
11954
11958
11959
11966
11967
11970
11972
11974
11985
11986
11988
11989
11990
11997
12000
12004
12009
12010
12012
12028
12038
12046
12047
12057
12058
12062
12066
12069
12074
12085
12088
12090
12096
12098
12100
12104
12107
12114
12116
12118
12119
12121
12122
12134
12135
12143
12144
12152
12153
12156
12160
12161
12167
12177
12191
12193
12195
12198
12203
12214
12217
12218
12223
12236
12238
12250
12255
12258
12261
12267
12269
12270
12275
12278
12281
12284
12289
12293
12296
12314
12317
12325
12328
12331
12336
12342
12347
12358
12359
12363
12372
12375
12378
12383
12385
12389
12392
12400
12404
12420
12421
12427
12428
12431
12433
12438
12440
12441
12444
12451
12464
12466
12470
12475
12484
12485
12487
12490
12493
12494
12495
12496
12502
12507
12511
12515
12524
12528
12530
12538
12541
12542
12544
12547
12557
12562
12563
12564
12577
12586
12587
12596
12600
12607
12609
12614
12628
12631
12640
12657
12659
12663
12668
12671
12685
12687
12688
12689
12694
12696
12702
12715
12718
12722
12724
12731
12750
12751
12755
12768
12769
12771
12772
12777
12786
12789
12790
12795
12798
12801
12803
12804
12805
12807
12812
12813
12821
12822
12825
12827
12832
12835
12836
12844
12855
12858
12868
12877
12878
12881
12886
12894
12895
12902
12908
12916
12918
12924
12925
12927
12930
12931
12937
12938
12939
12945
12951
12955
12957
12959
12966
12974
12975
12977
12986
13002
13012
13015
13018
13019
13027
13028
13029
13037
13042
13047
13050
13051
13054
13055
13058
13059
13065
13070
13078
13083
13084
13088
13091
13092
13093
13098
13101
13106
13117
13119
13125
13127
13135
13143
13144
13148
13152
13154
13161
13178
13179
13184
13189
13193
13197
13198
13203
13206
13209
13222
13224
13230
13236
13242
13247
13250
13251
13258
13260
13271
13275
13276
13283
13284
13286
13289
13292
13295
13309
13311
13319
13321
13323
13325
13332
13336
13337
13341
13344
13347
13350
13353
13355
13360
13371
13374
13376
13377
13379
13386
13395
13399
13401
13403
13409
13422
13428
13429
13434
13442
13444
13449
13450
13453
13455
13456
13457
13460
13461
13462
13463
13465
13466
13468
13475
13478
13482
13484
13485
13494
13497
13519
13523
13526
13540
13553
13559
13560
13564
13569
13578
13590
13594
13597
13605
13620
13622
13628
13633
13635
13637
13640
13641
13643
13649
13651
13654
13655
13658
13659
13661
13662
13670
13673
13683
13684
13688
13695
13704
13706
13712
13713
13725
13727
13731
13735
13736
13742
13745
13747
13752
13754
13757
13760
13764
13768
13769
13773
13776
13781
13782
13783
13787
13789
13790
13794
13805
13807
13818
13820
13825
13828
13831
13839
13845
13848
13849
13862
13863
13865
13872
13874
13877
13879
13882
13887
13888
13893
13900
13905
13908
13909
13910
13911
13912
13914
13916
13918
13924
13926
13937
13940
13941
13959
13962
13966
13967
13979
13982
13983
13985
13987
13988
13991
14000
14001
14004
14007
14016
14017
14020
14021
14030
14036
14037
14042
14043
14047
14052
14054
14061
14067
14068
14072
14082
14088
14089
14091
14092
14095
14100
14108
14109
14114
14121
14122
14127
14131
14136
14147
14153
14156
14166
14170
14172
14173
14181
14186
14188
14189
14191
14194
14200
14203
14204
14205
14208
14210
14216
14230
14235
14247
14262
14263
14265
14267
14269
14275
14285
14287
14294
14295
14301
14304
14310
14311
14313
14314
14317
14320
14324
14327
14344
14348
14351
14356
14359
14360
14361
14365
14373
14384
14389
14395
14399
14400
14406
14417
14428
14432
14434
14437
14438
14441
14444
14449
14455
14456
14459
14461
14465
14466
14470
14472
14475
14477
14478
14484
14488
14491
14493
14496
14498
14499
14513
14516
14519
14521
14525
14526
14537
14542
14543
14550
14556
14559
14560
14563
14572
14574
14576
14580
14581
14584
14589
14608
14612
14615
14617
14621
14623
14638
14644
14649
14650
14655
14657
14665
14669
14685
14686
14692
14722
14726
14740
14745
14747
14749
14750
14751
14756
14761
14770
14779
14780
14789
14794
14801
14802
14803
14804
14805
14813
14817
14818
14824
14825
14829
14832
14833
14837
14838
14848
14860
14861
14866
14870
14871
14875
14877
14881
14882
14886
14891
14908
14909
14910
14911
14915
14918
14921
14927
14934
14935
14936
14937
14939
14943
14945
14950
14959
14961
14963
14969
14974
14976
14989
14992
14994
14995
14997
15000
15001
15006
15010
15012
15013
15014
15016
15017
15019
15021
15031
15032
15034
15041
15042
15043
15045
15049
15053
15055
15061
15062
15065
15066
15073
15081
15099
15101
15107
15115
15117
15125
15126
15134
15139
15141
15142
15146
15151
15154
15156
15157
15159
15161
15162
15163
15165
15169
15178
15179
15184
15185
15187
15189
15190
15193
15202
15203
15207
15213
15216
15218
15221
15222
15225
15226
15228
15241
15244
15254
15257
15259
15260
15262
15266
15270
15271
15272
15274
15277
15292
15302
15303
15308
15310
15313
15315
15319
15327
15332
15338
15340
15344
15346
15348
15349
15351
15357
15365
15372
15381
15382
15384
15388
15391
15395
15398
15411
15412
15419
15421
15432
15434
15437
15442
15444
15445
15451
15454
15458
15463
15472
15478
15497
15498
15499
15502
15507
15510
15512
15514
15518
15522
15526
15527
15528
15529
15530
15531
15536
15545
15551
15553
15561
15565
15567
15574
15581
15589
15591
15597
15600
15601
15618
15629
15632
15636
15642
15643
15645
15646
15655
15658
15662
15667
15671
15680
15689
15692
15693
15694
15696
15701
15707
15711
15712
15719
15725
15733
15740
15742
15743
15744
15746
15747
15753
15756
15760
15762
15772
15774
15776
15778
15779
15781
15783
15786
15787
15790
15791
15801
15803
15805
15808
15810
15812
15814
15818
15820
15824
15835
15841
15847
15849
15863
15865
15871
15872
15875
15888
15893
15896
15897
15903
15905
15908
15912
15915
15924
15926
15927
15933
15935
15944
15945
15953
15959
15961
15962
15964
15972
15991
15993
15996
15999
16002
16010
16014
16028
16036
16046
16050
16051
16055
16058
16060
16063
16066
16079
16081
16083
16087
16089
16090
16092
16097
16101
16102
16106
16109
16111
16113
16114
16120
16123
16126
16127
16129
16137
16140
16141
16143
16144
16147
16151
16155
16157
16166
16172
16174
16176
16193
16196
16201
16202
16213
16214
16216
16219
16220
16221
16225
16233
16235
16241
16247
16254
16257
16260
16262
16271
16273
16274
16282
16283
16285
16293
16301
16302
16312
16315
16317
16328
16329
16333
16336
16341
16349
16352
16354
16356
16359
16367
16373
16374
16377
16380
16384
16389
16391
16392
16393
16415
16421
16423
16426
16427
16429
16430
16442
16445
16449
16450
16453
16455
16461
16466
16470
16474
16476
16480
16482
16490
16491
16493
16497
16501
16502
16505
16507
16508
16509
16520
16536
16540
16554
16557
16559
16560
16567
16584
16589
16590
16592
16598
16600
16625
16626
16627
16637
16639
16642
16643
16645
16648
16649
16657
16658
16662
16667
16677
16685
16697
16701
16709
16711
16715
16717
16718
16720
16729
16732
16733
16734
16740
16751
16754
16757
16759
16763
16766
16768
16771
16778
16789
16791
16798
16805
16806
16808
16813
16816
16826
16836
16839
16843
16846
16849
16850
16852
16855
16856
16860
16863
16866
16868
16880
16882
16887
16895
16899
16903
16905
16912
16915
16920
16924
16926
16930
16944
16947
16949
16952
16953
16957
16960
16963
16964
16967
16970
16971
16975
16979
16982
16993
16994
16996
16999
17001
17003
17005
17006
17007
17008
17013
17022
17023
17025
17031
17032
17034
17035
17039
17043
17044
17046
17048
17050
17053
17057
17074
17075
17083
17085
17093
17094
17095
17096
17097
17098
17100
17101
17111
17113
17134
17138
17143
17148
17149
17156
17158
17159
17163
17165
17169
17172
17174
17178
17180
17182
17185
17190
17200
17204
17205
17206
17211
17217
17218
17226
17231
17241
17242
17251
17254
17255
17266
17269
17271
17272
17277
17280
17281
17286
17288
17307
17313
17315
17316
17317
17320
17322
17327
17329
17330
17332
17339
17341
17350
17351
17352
17358
17370
17374
17378
17379
17384
17393
17396
17401
17404
17405
17406
17409
17414
17426
17436
17444
17445
17448
17450
17455
17458
17471
17473
17474
17483
17487
17488
17489
17490
17492
17495
17500
17503
17505
17508
17517
17530
17533
17536
17538
17540
17550
17553
17557
17560
17562
17574
17575
17585
17588
17594
17601
17604
17605
17609
17612
17616
17617
17619
17621
17623
17627
17630
17631
17646
17649
17651
17668
17671
17682
17684
17686
17687
17688
17689
17700
17701
17707
17713
17715
17716
17723
17724
17729
17733
17734
17736
17740
17745
17746
17755
17756
17758
17774
17775
17776
17782
17784
17785
17789
17795
17797
17803
17805
17813
17816
17818
17819
17820
17845
17848
17850
17851
17857
17866
17872
17874
17875
17878
17885
17886
17887
17894
17901
17902
17906
17909
17912
17920
17921
17929
17934
17940
17944
17951
17952
17953
17954
17961
17966
17977
17983
17992
18001
18007
18009
18014
18024
18032
18034
18038
18041
18050
18051
18056
18058
18063
18070
18072
18073
18075
18078
18083
18086
18091
18092
18098
18102
18107
18108
18109
18111
18114
18118
18119
18122
18124
18136
18139
18147
18159
18160
18164
18165
18171
18174
18177
18182
18184
18185
18189
18196
18200
18214
18216
18220
18224
18228
18232
18233
18235
18237
18241
18247
18250
18251
18254
18257
18258
18260
18267
18269
18276
18277
18280
18281
18283
18288
18293
18303
18306
18310
18316
18325
18333
18341
18342
18344
18347
18349
18350
18357
18364
18365
18367
18372
18376
18383
18385
18386
18389
18391
18399
18404
18407
18408
18413
18416
18419
18440
18442
18446
18452
18457
18459
18469
18470
18475
18481
18486
18487
18498
18532
18533
18556
18557
18558
18559
18562
18564
18568
18569
18571
18578
18582
18585
18587
18594
18604
18606
18608
18613
18615
18620
18621
18628
18632
18642
18643
18648
18650
18651
18657
18672
18675
18677
18678
18681
18682
18683
18687
18697
18702
18705
18707
18709
18711
18715
18716
18717
18726
18731
18733
18741
18746
18748
18753
18754
18768
18769
18776
18777
18793
18795
18796
18799
18800
18805
18815
18820
18821
18827
18842
18850
18854
18857
18860
18872
18874
18882
18884
18887
18890
18895
18908
18910
18913
18919
18921
18923
18929
18931
18933
18934
18949
18952
18953
18954
18971
18987
18989
18990
18991
18994
18998
18999
19000
19005
19014
19017
19020
19021
19022
19025
19026
19028
19031
19033
19035
19039
19042
19047
19049
19053
19055
19057
19059
19062
19064
19066
19078
19083
19084
19085
19087
