3 28
6 9
10 29
17 30
23 40
29 24
30 27
32 37
35 46
40 21
41 20
48 20
54 49
56 33
68 46
75 49
78 8
89 10
97 35
103 0
105 21
106 26
113 21
114 10
121 21
133 27
138 39
152 36
156 10
159 36
161 27
170 20
175 9
184 49
186 7
187 6
193 20
196 27
200 47
204 18
207 49
209 30
210 28
211 26
214 15
221 49
224 10
225 15
227 31
233 12
237 8
239 26
240 47
246 33
248 10
251 16
253 17
255 37
261 26
262 45
265 0
269 33
277 4
283 22
286 0
288 1
291 4
294 48
298 37
305 28
311 19
316 36
317 26
319 22
321 40
323 17
331 0
332 31
337 19
342 38
344 46
348 30
349 7
359 41
361 30
363 21
369 36
371 35
380 27
384 25
388 33
397 20
407 1
409 1
410 48
416 33
417 12
427 36
428 12
432 46
435 14
439 10
440 45
442 16
449 40
452 43
455 12
457 18
465 46
472 27
476 49
479 25
488 21
493 20
494 23
497 36
505 0
513 10
517 36
532 0
535 11
547 40
548 15
551 17
556 24
557 22
561 27
563 33
568 15
570 13
584 4
585 27
591 15
606 9
608 22
609 37
613 12
614 34
621 49
625 40
631 9
643 43
650 18
652 30
654 27
655 18
662 4
664 43
667 9
668 11
671 40
672 22
673 22
684 46
686 24
687 4
695 35
699 29
701 30
702 47
704 11
709 21
712 15
716 20
717 35
718 15
720 34
721 35
723 12
725 6
736 14
738 36
744 26
750 45
751 15
755 26
764 1
769 2
774 46
775 31
776 44
779 41
786 36
798 42
804 13
825 13
826 8
831 43
832 12
840 27
842 16
846 27
849 20
859 47
861 6
877 13
889 27
893 46
897 49
900 40
904 28
905 16
906 6
908 17
910 29
926 28
932 0
936 37
943 45
946 17
953 1
962 4
973 8
974 25
975 7
981 16
986 26
996 35
998 28
1007 33
1013 0
1020 16
1023 5
1027 21
1030 20
1033 21
1040 6
1047 33
1048 34
1059 43
1062 12
1073 42
1083 17
1084 49
1085 4
1086 6
1091 26
1096 1
1098 6
1099 27
1101 27
1102 32
1106 8
1107 0
1118 42
1119 35
1121 22
1123 14
1135 18
1136 29
1144 6
1153 49
1156 27
1157 15
1158 27
1160 49
1162 15
1168 27
1182 46
1185 26
1186 24
1197 22
1199 0
1217 15
1218 9
1219 49
1220 1
1223 1
1235 25
1236 35
1242 17
1243 11
1251 1
1253 27
1254 12
1258 20
1262 15
1268 11
1273 3
1274 44
1279 1
1292 24
1297 27
1299 21
1303 16
1304 34
1311 14
1312 44
1314 14
1318 12
1321 44
1324 31
1326 31
1328 36
1341 49
1342 42
1353 38
1356 0
1357 41
1365 6
1371 23
1372 9
1373 45
1376 24
1379 7
1380 20
1382 16
1384 9
1391 39
1396 16
1403 11
1408 8
1410 44
1414 10
1419 30
1420 49
1422 13
1423 1
1424 33
1435 29
1441 16
1445 15
1451 5
1456 29
1457 13
1458 17
1460 29
1463 1
1464 10
1465 29
1471 23
1482 35
1491 35
1493 31
1499 24
1503 29
1509 17
1528 40
1531 14
1541 4
1542 6
1544 15
1545 21
1554 1
1555 46
1571 46
1572 31
1582 12
1586 48
1589 14
1593 46
1597 28
1599 47
1614 35
1619 22
1636 17
1637 16
1639 42
1644 7
1652 38
1658 28
1663 22
1665 46
1667 16
1674 33
1683 39
1691 38
1699 30
1703 13
1704 10
1705 17
1708 24
1710 30
1718 43
1722 47
1725 27
1727 36
1730 49
1731 33
1736 1
1756 9
1769 27
1783 41
1785 6
1792 44
1793 20
1794 14
1796 12
1802 31
1803 18
1808 46
1810 36
1811 45
1812 17
1831 36
1836 10
1837 14
1846 35
1847 0
1852 18
1854 22
1858 25
1869 45
1871 44
1875 25
1876 0
1885 1
1889 4
1892 13
1899 45
1903 27
1905 21
1906 42
1908 26
1911 49
1917 11
1928 31
1930 21
1931 32
1933 49
1934 46
1938 12
1941 30
1943 22
1953 31
1955 4
1958 24
1962 42
1971 35
1972 22
1976 22
1977 11
1987 21
1991 29
2007 9
2008 30
2009 5
2015 15
2023 40
2025 17
2028 30
2034 11
2046 1
2047 15
2048 11
2049 17
2050 25
2051 22
2052 49
2053 0
2054 28
2069 22
2074 39
2075 20
2076 26
2084 15
2088 24
2091 20
2093 37
2097 31
2109 30
2110 32
2117 27
2120 29
2127 47
2133 22
2136 20
2142 14
2146 26
2150 36
2156 9
2162 16
2164 1
2181 39
2182 46
2187 42
2188 0
2190 39
2193 15
2198 2
2202 38
2204 47
2211 4
2213 19
2216 9
2218 28
2221 8
2225 7
2228 18
2230 21
2237 33
2242 29
2251 20
2253 13
2256 44
2259 47
2260 1
2262 29
2264 49
2284 33
2287 18
2293 33
2295 22
2308 1
2309 43
2315 4
2322 29
2328 7
2331 26
2334 24
2336 6
2344 1
2351 28
2356 47
2358 37
2386 27
2391 34
2398 33
2405 25
2408 46
2410 37
2427 30
2438 16
2444 21
2447 33
2457 27
2461 3
2463 30
2464 38
2467 44
2469 48
2473 13
2477 28
2486 22
2487 46
2493 2
2496 36
2497 38
2499 9
2506 35
2509 9
2519 14
2522 48
2525 27
2543 29
2545 26
2546 46
2560 11
2561 21
2566 42
2569 15
2571 30
2573 12
2578 18
2579 12
2582 18
2585 40
2587 24
2589 0
2591 35
2601 2
2606 14
2617 36
2618 30
2619 31
2625 43
2627 18
2629 41
2630 12
2636 23
2637 23
2644 2
2651 27
2658 48
2660 31
2662 6
2666 26
2675 21
2678 38
2679 43
2684 29
2688 4
2693 24
2703 31
2707 15
2710 28
2714 0
2716 35
2717 27
2720 4
2722 6
2729 0
2732 3
2739 27
2760 42
2761 32
2767 0
2771 14
2776 44
2777 27
2781 11
2790 22
2797 25
2804 47
2811 47
2817 17
2821 14
2839 8
2846 42
2848 46
2851 0
2853 14
2854 10
2860 29
2861 6
2863 35
2875 0
2877 22
2879 13
2885 11
2888 28
2891 30
2892 27
2895 4
2901 31
2904 21
2911 47
2912 49
2916 36
2922 4
2924 35
2925 7
2933 24
2947 28
2948 42
2949 15
2955 1
2956 26
2958 28
2962 33
2969 17
2972 36
2973 13
2974 1
2987 20
2991 22
2996 0
2999 46
3001 24
3002 0
3004 27
3008 49
3009 11
3016 29
3018 49
3019 4
3020 14
3028 18
3039 39
3047 2
3049 12
3051 36
3053 47
3054 35
3055 43
3060 28
3063 31
3064 35
3067 2
3071 35
3072 7
3076 14
3079 17
3086 46
3091 28
3094 24
3095 42
3097 34
3100 38
3115 26
3121 45
3122 0
3128 10
3135 45
3138 28
3142 26
3143 7
3144 30
3147 42
3150 17
3153 25
3157 11
3164 6
3165 9
3169 25
3170 26
3191 42
3192 10
3193 15
3196 36
3201 21
3205 42
3206 23
3210 24
3214 46
3223 47
3224 29
3230 20
3232 40
3245 24
3256 28
3261 27
3263 36
3268 13
3271 4
3278 18
3279 16
3282 49
3283 26
3288 8
3309 35
3310 12
3311 21
3312 18
3317 28
3318 49
3321 5
3322 29
3325 18
3326 44
3334 18
3336 12
3340 7
3343 33
3346 22
3349 48
3350 44
3351 23
3354 28
3357 10
3359 25
3360 22
3362 47
3366 49
3368 42
3372 18
3374 4
3376 0
3377 33
3384 47
3387 47
3388 4
3390 40
3393 3
3400 40
3401 28
3405 42
3408 22
3411 44
3413 46
3415 36
3419 45
3420 21
3423 36
3425 27
3432 14
3436 6
3444 44
3452 26
3454 43
3463 9
3469 33
3476 4
3478 15
3482 31
3485 21
3486 45
3487 27
3488 47
3489 4
3492 49
3493 31
3495 42
3497 13
3498 6
3500 13
3504 16
3513 1
3514 47
3516 26
3523 31
3527 43
3528 14
3532 33
3534 16
3540 20
3541 33
3543 12
3552 26
3553 39
3563 20
3573 27
3586 49
3589 35
3590 35
3598 11
3604 44
3605 46
3607 26
3608 27
3611 31
3613 13
3614 33
3621 22
3630 45
3634 30
3637 1
3638 35
3642 27
3648 4
3649 10
3655 15
3661 42
3663 11
3671 33
3676 7
3683 29
3684 11
3686 20
3688 0
3691 19
3694 6
3696 27
3697 22
3703 0
3705 30
3708 20
3710 36
3712 17
3714 27
3723 47
3726 22
3729 16
3732 5
3740 31
3741 6
3753 11
3756 11
3759 14
3761 18
3764 22
3766 20
3769 20
3770 42
3783 13
3786 38
3790 11
3793 33
3796 30
3800 42
3803 31
3807 31
3812 10
3823 20
3824 38
3825 3
3826 46
3827 42
3829 0
3834 22
3837 23
3841 44
3844 4
3845 48
3849 47
3850 33
3854 21
3857 2
3867 20
3873 33
3874 35
3879 16
3881 31
3886 49
3888 6
3890 35
3899 6
3905 2
3908 22
3919 18
3929 31
3938 7
3944 34
3949 28
3951 15
3953 15
3956 16
3965 19
3966 11
3968 35
3970 29
3973 31
3974 12
3979 2
3983 13
3986 9
4001 17
4004 28
4012 26
4013 24
4021 13
4045 41
4046 27
4060 36
4064 44
4065 33
4066 39
4071 38
4078 33
4081 1
4082 21
4083 27
4094 49
4096 42
4098 33
4102 11
4103 35
4110 18
4113 24
4114 49
4118 9
4122 44
4125 47
4126 39
4130 20
4133 49
4134 16
4135 31
4136 17
4139 26
4145 35
4153 46
4154 2
4159 35
4161 15
4162 25
4163 11
4171 31
4178 17
4179 11
4181 23
4182 13
4186 12
4188 4
4194 45
4197 22
4206 29
4207 31
4211 16
4212 13
4213 35
4215 44
4221 24
4225 10
4241 31
4245 29
4246 42
4250 20
4251 4
4253 15
4264 39
4268 15
4273 12
4274 29
4276 17
4278 31
4281 28
4285 1
4286 26
4289 42
4304 3
4309 38
4310 14
4313 33
4317 23
4332 16
4333 46
4347 14
4351 0
4352 39
4356 17
4362 31
4363 42
4364 4
4378 10
4383 35
4385 20
4386 25
4396 1
4402 12
4403 40
4410 4
4417 20
4418 4
4421 16
4423 27
4427 31
4431 15
4456 35
4457 42
4458 29
4459 22
4464 24
4467 18
4473 22
4474 18
4476 12
4480 22
4481 44
4490 29
4491 34
4497 6
4503 49
4507 20
4511 42
4512 4
4515 14
4517 40
4520 29
4521 49
4523 20
4527 32
4530 10
4539 26
4540 37
4541 1
4545 12
4547 46
4552 33
4555 28
4566 33
4568 33
4569 36
4570 33
4574 4
4577 20
4582 29
4585 1
4587 21
4588 28
4592 0
4602 40
4605 1
4611 11
4612 45
4614 10
4615 40
4623 20
4635 19
4637 39
4638 35
4650 20
4662 23
4666 9
4669 28
4672 4
4675 45
4676 6
4678 27
4679 28
4681 6
4682 0
4685 24
4687 13
4692 40
4695 5
4698 39
4701 39
4709 39
4716 30
4718 22
4722 30
4723 12
4727 9
4733 9
4734 0
4736 31
4738 33
4741 48
4748 44
4753 49
4755 29
4759 0
4760 45
4762 10
4763 12
4764 29
4770 12
4772 20
4776 15
4778 36
4785 29
4789 36
4794 47
4796 38
4799 42
4802 22
4808 42
4815 47
4821 29
4825 32
4828 14
4837 9
4856 32
4861 21
4871 16
4872 42
4875 48
4880 12
4892 48
4908 27
4916 7
4922 29
4924 7
4926 36
4927 11
4928 31
4930 44
4932 26
4933 22
4936 29
4938 42
4939 36
4942 18
4946 42
4948 20
4949 18
4951 12
4953 45
4959 12
4964 11
4965 11
4967 30
4968 35
4977 17
4983 16
4984 37
4985 38
4989 12
5000 15
5003 42
5006 32
5008 16
5011 16
5013 27
5018 7
5021 0
5024 4
5026 28
5028 23
5030 6
5032 47
5040 42
5046 32
5059 18
5062 11
5063 36
5071 31
5078 34
5081 14
5084 6
5086 28
5090 32
5102 29
5106 11
5114 46
5115 6
5117 14
5119 2
5124 9
5126 4
5129 13
5136 23
5146 23
5150 12
5152 14
5155 21
5157 13
5161 27
5163 16
5168 24
5173 21
5174 49
5176 4
5177 24
5178 28
5186 28
5193 31
5199 28
5201 12
5203 46
5204 31
5213 15
5216 18
5219 29
5228 13
5239 35
5248 44
5249 22
5255 24
5257 1
5258 38
5263 21
5264 21
5266 35
5269 29
5274 36
5277 29
5286 18
5287 33
5289 13
5301 4
5302 42
5304 20
5305 1
5307 14
5308 29
5310 17
5315 37
5318 47
5320 11
5321 7
5324 48
5328 24
5329 30
5331 34
5332 47
5333 2
5338 45
5342 4
5346 31
5353 22
5355 24
5374 29
5376 46
5380 17
5383 4
5387 35
5396 4
5399 20
5404 49
5406 28
5409 14
5411 1
5420 1
5424 35
5425 27
5429 4
5431 28
5445 28
5451 27
5452 24
5454 13
5459 39
5471 44
5488 30
5489 45
5493 31
5504 8
5506 41
5507 40
5514 26
5518 36
5527 13
5545 20
5546 48
5550 15
5555 31
5559 46
5569 36
5573 13
5579 13
5581 10
5584 10
5593 1
5604 16
5605 31
5607 8
5610 15
5611 29
5613 14
5624 24
5643 33
5648 10
5654 22
5661 18
5664 22
5674 1
5678 29
5684 20
5685 35
5688 27
5689 28
5691 35
5692 0
5706 2
5713 22
5715 29
5716 1
5726 33
5732 29
5735 6
5737 36
5742 42
5744 40
5751 11
5753 36
5774 29
5777 21
5782 30
5783 22
5786 28
5790 2
5792 29
5793 11
5799 33
5805 14
5811 10
5817 28
5827 31
5828 13
5829 1
5834 10
5835 11
5840 20
5844 39
5845 42
5853 36
5866 0
5867 14
5870 1
5874 9
5875 49
5881 45
5891 12
5899 11
5915 32
5916 22
5917 29
5935 17
5936 17
5947 44
5953 1
5954 9
5960 13
5966 28
5968 12
5971 45
5975 21
5989 15
5992 4
6003 7
6005 33
6016 4
6021 1
6023 42
6026 26
6033 30
6047 47
6051 0
6059 46
6064 25
6065 42
6069 22
6070 49
6081 47
6084 27
6086 12
6093 31
6100 16
6112 17
6118 42
6125 14
6126 45
6131 43
6135 1
6140 16
6144 41
6148 1
6149 17
6150 17
6152 38
6153 23
6157 16
6158 14
6159 0
6165 21
6170 29
6172 27
6181 32
6189 28
6193 46
6194 38
6197 29
6198 32
6203 44
6209 42
6210 46
6214 30
6223 1
6240 17
6243 7
6249 20
6251 20
6252 35
6254 17
6256 0
6257 21
6266 7
6273 5
6278 48
6281 20
6296 20
6303 46
6304 43
6308 39
6311 0
6316 7
6320 1
6324 4
6326 42
6327 47
6348 29
6352 33
6357 20
6362 11
6368 15
6374 6
6380 11
6387 39
6389 35
6402 11
6404 20
6406 45
6408 14
6412 17
6433 13
6434 36
6435 11
6437 36
6443 24
6446 11
6462 35
6469 31
6471 25
6472 45
6475 45
6477 30
6482 46
6485 0
6493 13
6495 47
6498 35
6500 47
6502 14
6506 36
6510 30
6513 4
6514 1
6516 45
6522 4
6524 13
6530 1
6534 28
6537 40
6541 15
6546 21
6549 22
6557 44
6570 33
6571 20
6572 24
6573 10
6575 46
6580 20
6593 4
6609 20
6621 14
6622 18
6633 35
6637 0
6640 5
6641 33
6646 13
6656 18
6661 12
6663 46
6664 36
6665 17
6673 0
6675 27
6676 29
6680 43
6684 24
6686 49
6694 36
6695 39
6716 31
6717 32
6735 5
6740 31
6741 13
6742 22
6748 28
6757 31
6759 17
6764 30
6768 33
6773 7
6777 24
6778 17
6779 21
6781 42
6787 42
6788 44
6790 47
6795 18
6802 4
6805 0
6806 18
6817 18
6820 0
6821 42
6831 22
6834 1
6848 8
6850 46
6866 12
6873 40
6877 34
6884 13
6893 14
6897 11
6898 24
6908 24
6911 25
6925 26
6927 28
6929 15
6931 16
6935 16
6938 18
6944 49
6947 15
6951 20
6957 7
6961 28
6976 40
6977 43
6981 4
6983 33
6987 49
6999 42
7006 1
7011 14
7015 13
7033 28
7036 29
7038 10
7045 1
7048 47
7071 20
7081 1
7085 30
7086 21
7093 4
7094 46
7096 6
7097 20
7099 27
7103 13
7104 27
7114 49
7116 15
7121 1
7124 29
7130 11
7133 49
7135 30
7138 16
7146 22
7148 13
7161 1
7163 2
7174 39
7179 16
7187 35
7188 46
7190 40
7195 0
7196 1
7198 20
7203 46
7211 5
7215 4
7217 33
7218 14
7219 29
7228 9
7232 0
7233 23
7234 16
7250 20
7251 40
7257 24
7258 31
7262 14
7298 33
7302 7
7309 36
7319 26
7321 26
7322 20
7325 0
7327 12
7329 13
7332 7
7334 14
7337 38
7339 35
7341 20
7342 18
7376 22
7378 2
7379 26
7380 6
7390 21
7391 17
7399 34
7407 36
7426 31
7430 7
7450 37
7451 32
7460 17
7468 31
7470 46
7475 35
7476 12
7490 26
7499 29
7509 4
7510 43
7517 7
7521 31
7523 11
7526 35
7531 29
7543 44
7545 33
7548 20
7551 18
7562 9
7573 18
7574 44
7589 13
7590 46
7592 39
7595 12
7596 30
7598 12
7599 29
7606 32
7617 33
7618 8
7633 2
7637 40
7644 42
7646 13
7654 0
7665 36
7666 27
7669 49
7671 15
7674 27
7677 12
7678 27
7687 41
7698 9
7700 17
7704 22
7705 29
7715 12
7721 36
7725 11
7730 33
7733 39
7736 41
7739 19
7742 34
7743 38
7750 31
7755 33
7756 28
7757 35
7760 33
7779 31
7780 33
7781 36
7782 21
7786 5
7791 42
7794 18
7801 45
7809 20
7810 41
7811 43
7812 0
7813 31
7816 1
7818 31
7819 31
7822 13
7823 18
7825 37
7833 46
7836 11
7845 1
7846 26
7852 43
7856 0
7870 28
7873 35
7875 33
7878 17
7880 49
7899 18
7903 10
7910 42
7912 8
7914 26
7916 2
7917 0
7923 10
7930 46
7933 33
7935 22
7938 38
7946 15
7947 36
7960 31
7961 14
7968 15
7971 33
7973 31
7974 33
7987 11
7988 33
7993 26
7997 20
8000 47
8003 1
8006 33
8007 28
8011 29
8013 29
8019 21
8020 22
8021 23
8024 12
8025 18
8027 40
8032 0
8037 19
8041 47
8044 1
8045 47
8046 13
8049 2
8051 23
8063 16
8066 39
8075 2
8077 31
8098 29
8099 0
8105 14
8107 17
8108 33
8109 45
8111 22
8112 39
8117 10
8128 14
8135 37
8136 27
8142 0
8149 47
8157 12
8162 14
8164 38
8182 12
8196 21
8199 15
8202 19
8205 36
8206 46
8215 35
8219 15
8235 20
8236 33
8242 26
8245 32
8247 40
8248 26
8257 21
8266 35
8269 13
8273 21
8280 46
8283 15
8290 46
8293 36
8294 28
8300 9
8304 28
8306 24
8309 13
8315 12
8319 6
8322 13
8323 17
8325 23
8327 42
8330 44
8332 35
8334 21
8348 35
8352 20
8358 21
8359 12
8363 20
8366 34
8369 12
8370 12
8380 22
8384 27
8386 9
8390 36
8403 7
8405 16
8409 31
8410 33
8414 29
8416 41
8432 16
8433 24
8440 22
8447 14
8448 36
8451 6
8453 17
8460 4
8467 30
8477 4
8480 27
8487 25
8489 6
8491 13
8493 24
8500 35
8505 1
8508 11
8514 16
8521 46
8525 44
8538 33
8545 47
8546 36
8548 38
8549 35
8553 39
8556 31
8560 23
8567 27
8569 35
8580 31
8582 27
8583 10
8587 34
8589 40
8590 22
8598 17
8599 39
8608 27
8610 11
8613 30
8619 42
8624 49
8630 47
8635 38
8636 1
8637 22
8638 36
8642 30
8645 9
8657 38
8659 0
8666 1
8670 16
8674 19
8676 47
8677 8
8681 10
8683 27
8690 17
8699 4
8701 8
8711 37
8729 10
8730 4
8734 36
8747 36
8752 0
8754 12
8755 10
8757 1
8771 2
8776 10
8777 18
8779 27
8780 35
8781 12
8794 28
8797 2
8798 13
8810 27
8811 33
8813 49
8815 20
8816 17
8826 24
8833 11
8834 22
8836 12
8837 27
8840 21
8843 38
8846 18
8847 20
8859 16
8864 45
8867 9
8868 11
8870 23
8872 9
8881 32
8884 11
8893 38
8899 18
8905 41
8906 27
8910 0
8911 44
8913 27
8914 40
8918 10
8922 27
8924 17
8935 15
8937 42
8941 22
8943 27
8947 4
8955 49
8956 5
8957 4
8975 22
8986 9
8991 31
8993 30
8997 31
9002 30
9005 20
9006 17
9029 20
9033 29
9036 7
9037 18
9042 29
9046 15
9047 35
9048 18
9049 43
9054 30
9056 14
9058 35
9065 45
9067 39
9070 12
9073 21
9074 18
9075 14
9081 30
9084 32
9085 23
9090 18
9093 29
9101 45
9109 33
9110 21
9114 22
9115 24
9117 0
9120 20
9123 17
9125 27
9128 20
9132 36
9134 14
9140 39
9141 33
9144 1
9150 47
9151 32
9154 44
9161 30
9171 25
9176 20
9180 31
9181 20
9185 30
9189 49
9192 38
9193 20
9194 14
9210 28
9213 1
9215 24
9219 20
9224 4
9225 47
9231 49
9236 49
9237 28
9243 20
9246 26
9249 16
9256 4
9264 21
9265 15
9266 7
9273 20
9276 35
9281 27
9285 42
9288 29
9293 15
9294 49
9307 39
9314 44
9318 28
9319 11
9321 20
9322 16
9323 20
9325 1
9328 47
9330 17
9333 30
9334 11
9342 21
9348 25
9368 26
9369 16
9373 49
9382 8
9383 35
9387 1
9392 35
9394 31
9396 29
9398 9
9405 21
9417 9
9420 32
9425 20
9431 6
9437 24
9443 49
9445 0
9446 10
9451 26
9452 7
9455 14
9457 12
9459 2
9462 0
9463 44
9469 18
9470 43
9473 22
9478 0
9483 45
9489 2
9491 32
9499 15
9500 31
9510 8
9511 48
9517 40
9545 13
9548 18
9566 35
9567 12
9575 15
9579 18
9582 36
9594 23
9596 5
9598 42
9602 44
9606 30
9607 0
9609 31
9616 7
9630 36
9634 9
9639 29
9640 31
9642 9
9643 6
9645 16
9649 12
9650 47
9656 10
9658 29
9662 16
9667 4
9681 45
9686 29
9687 40
9690 1
9695 6
9697 12
9698 46
9702 40
9710 5
9712 36
9713 22
9728 10
9730 40
9733 38
9750 9
9752 2
9755 42
9757 13
9771 30
9777 27
9778 14
9780 42
9782 35
9786 26
9788 31
9789 39
9796 29
9797 9
9800 24
9802 42
9804 36
9805 26
9806 29
9819 39
9820 28
9821 17
9823 46
9825 4
9836 0
9841 25
9843 38
9847 44
9851 28
9852 38
9855 22
9858 23
9860 40
9866 9
9868 31
9872 7
9876 47
9879 7
9882 31
9883 42
9890 33
9895 28
9898 6
9911 30
9915 17
9917 17
9921 10
9931 44
9932 11
9938 11
9939 49
9941 7
9946 27
9951 20
9956 26
9959 0
9961 14
9967 16
9981 6
9992 14
9994 16
10003 14
10007 4
10013 26
10029 2
10030 12
10034 5
10041 40
10043 49
10046 34
10048 16
10059 28
10060 42
10061 31
10063 4
10069 28
10071 45
10074 17
10078 8
10081 17
10093 14
10095 22
10097 20
10098 44
10104 49
10105 8
10107 28
10109 25
10111 33
10114 17
10116 49
10122 44
10135 20
10136 24
10140 17
10145 10
10150 39
10165 42
10169 36
10170 35
10173 41
10174 17
10180 28
10198 8
10200 29
10204 44
10214 15
10215 36
10222 44
10226 22
10228 20
10243 46
10245 14
10251 31
10268 35
10269 4
10275 44
10278 22
10279 38
10281 33
10288 27
10295 6
10298 29
10300 14
10303 34
10307 29
10319 36
10321 31
10323 0
10332 38
10337 46
10338 48
10346 23
10347 47
10350 48
10352 46
10353 25
10357 29
10361 46
10362 13
10365 34
10366 47
10369 36
10372 13
10374 29
10385 10
10394 7
10397 4
10405 37
10406 26
10408 31
10410 4
10411 32
10412 30
10418 31
10419 12
10425 4
10426 20
10436 16
10438 13
10439 35
10440 14
10443 35
10446 16
10451 24
10458 36
10459 49
10465 31
10479 20
10480 16
10481 36
10482 36
10483 17
10484 24
10488 14
10489 32
10496 42
10498 4
10500 17
10501 46
10504 5
10507 39
10509 30
10510 33
10513 32
10516 20
10520 18
10531 45
10537 1
10538 29
10540 45
10544 29
10545 35
10547 13
10553 45
10556 33
10571 33
10575 29
10576 40
10577 42
10581 13
10586 36
10609 16
10611 26
10616 13
10617 44
10620 4
10622 10
10627 12
10628 26
10629 49
10630 42
10639 39
10644 29
10650 47
10654 39
10658 29
10662 27
10663 45
10667 22
10668 29
10677 29
10680 20
10690 35
10698 0
10704 43
10705 13
10707 31
10712 6
10714 38
10716 4
10717 35
10718 20
10719 47
10725 27
10726 49
10734 37
10739 47
10746 17
10748 29
10758 21
10762 4
10763 10
10771 49
10774 2
10786 13
10794 30
10795 42
10796 42
10798 28
10803 24
10807 24
10809 29
10822 9
10836 27
10845 9
10850 28
10852 27
10855 27
10862 20
10863 10
10867 0
10869 6
10871 31
10872 14
10887 27
10892 46
10894 20
10906 45
10907 40
10914 20
10915 4
10923 38
10925 15
10927 12
10940 49
10943 35
10944 35
10945 0
10947 8
10950 26
10953 12
10954 4
10957 42
10958 4
10959 17
10960 42
10972 4
10976 0
10979 15
10985 18
10995 33
10996 11
11005 35
11006 46
11012 29
11013 6
11019 4
11029 12
11044 4
11046 29
11048 47
11063 22
11066 13
11068 18
11069 14
11075 28
11078 7
11088 18
11091 6
11092 27
11093 18
11094 47
11095 24
11101 13
11104 9
11106 38
11110 36
11128 42
11131 3
11133 29
11136 2
11138 42
11139 8
11140 36
11145 15
11152 10
11153 46
11155 28
11156 24
11163 42
11164 49
11169 40
11172 49
11178 44
11179 20
11182 14
11183 10
11186 37
11188 13
11200 26
11203 20
11209 21
11213 38
11218 19
11220 28
11231 3
11236 45
11239 31
11259 28
11262 31
11263 31
11265 10
11267 18
11280 49
11284 38
11289 49
11291 27
11293 7
11299 35
11310 9
11314 24
11318 2
11321 11
11328 35
11331 10
11335 30
11347 15
11348 39
11353 9
11365 31
11367 29
11369 33
11379 11
11381 47
11382 18
11386 1
11394 13
11395 4
11403 11
11404 9
11407 21
11410 39
11415 49
11416 15
11420 25
11424 22
11425 18
11428 0
11431 49
11434 1
11436 24
11437 19
11442 28
11446 14
11452 28
11455 7
11460 24
11465 28
11467 16
11481 27
11482 4
11483 45
11491 0
11493 42
11505 13
11506 31
11507 35
11517 29
11520 30
11529 20
11532 0
11534 31
11539 23
11553 13
11555 28
11556 19
11565 35
11566 30
11568 2
11569 14
11572 24
11575 29
11576 27
11584 39
11585 47
11586 45
11596 12
11598 4
11600 48
11602 4
11605 40
11610 0
11619 15
11621 25
11622 30
11624 4
11628 27
11642 41
11643 30
11655 23
11659 49
11663 41
11669 36
11673 22
11674 17
11675 47
11679 32
11686 45
11689 2
11696 40
11700 12
11701 11
11705 13
11707 12
11713 28
11714 40
11715 12
11719 12
11720 35
11721 17
11725 29
11732 20
11733 11
11739 28
11740 20
11742 42
11751 14
11760 21
11764 36
11766 43
11769 33
11770 27
11785 41
11789 1
11790 33
11792 15
11798 7
11800 39
11801 12
11802 22
11805 11
11806 46
11809 4
11811 21
11816 28
11817 45
11824 36
11830 23
11834 18
11838 21
11840 19
11845 15
11847 7
11851 18
11853 30
11859 22
11861 6
11862 33
11863 49
11867 1
11873 35
11875 27
11878 12
11882 29
11896 20
11908 48
11915 20
11918 21
11919 30
11920 26
11922 28
11926 28
11927 42
11933 35
11935 9
11940 38
11948 14
11949 14
11951 1
11954 26
11958 1
11959 36
11966 28
11967 35
11970 27
11972 44
11974 45
11985 16
11986 1
11988 10
11989 19
11990 22
11997 15
12000 26
12004 6
12009 20
12010 26
12012 46
12028 19
12038 1
12046 9
12047 11
12057 4
12058 12
12062 18
12066 24
12069 21
12074 14
12085 33
12088 35
12090 1
12096 14
12098 31
12100 10
12104 36
12107 16
12114 14
12116 44
12118 43
12119 42
12121 22
12122 12
12134 38
12135 2
12143 32
12144 20
12152 12
12153 27
12156 49
12160 27
12161 38
12167 4
12177 22
12191 39
12193 17
12195 18
12198 7
12203 10
12214 47
12217 20
12218 11
12223 36
12236 19
12238 29
12250 1
12255 13
12258 2
12261 20
12267 8
12269 21
12270 18
12275 14
12278 44
12281 12
12284 25
12289 17
12293 39
12296 23
12314 38
12317 10
12325 44
12328 28
12331 24
12336 26
12342 4
12347 17
12358 6
12359 35
12363 49
12372 26
12375 15
12378 4
12383 10
12385 29
12389 44
12392 44
12400 36
12404 29
12420 1
12421 37
12427 44
12428 27
12431 46
12433 29
12438 46
12440 46
12441 30
12444 24
12451 1
12464 31
12466 27
12470 10
12475 4
12484 13
12485 42
12487 35
12490 15
12493 33
12494 9
12495 15
12496 49
12502 33
12507 23
12511 46
12515 16
12524 44
12528 30
12530 19
12538 45
12541 24
12542 18
12544 18
12547 18
12557 13
12562 4
12563 13
12564 8
12577 7
12586 39
12587 20
12596 49
12600 20
12607 49
12609 29
12614 38
12628 22
12631 21
12640 15
12657 47
12659 4
12663 7
12668 14
12671 42
12685 16
12687 15
12688 28
12689 28
12694 29
12696 18
12702 41
12715 42
12718 18
12722 29
12724 17
12731 36
12750 18
12751 29
12755 40
12768 13
12769 30
12771 29
12772 22
12777 35
12786 6
12789 22
12790 12
12795 0
12798 29
12801 23
12803 10
12804 15
12805 14
12807 46
12812 26
12813 33
12821 27
12822 45
12825 27
12827 7
12832 18
12835 29
12836 49
12844 33
12855 18
12858 0
12868 42
12877 45
12878 29
12881 30
12886 42
12894 39
12895 27
12902 26
12908 13
12916 36
12918 43
12924 14
12925 20
12927 18
12930 30
12931 14
12937 0
12938 17
12939 13
12945 10
12951 10
12955 24
12957 7
12959 1
12966 24
12974 22
12975 1
12977 26
12986 42
13002 31
13012 39
13015 44
13018 46
13019 49
13027 17
13028 17
13029 49
13037 33
13042 44
13047 36
13050 36
13051 28
13054 16
13055 29
13058 13
13059 23
13065 19
13070 41
13078 26
13083 33
13084 12
13088 27
13091 12
13092 33
13093 17
13098 20
13101 24
13106 15
13117 36
13119 3
13125 38
13127 25
13135 11
13143 31
13144 1
13148 36
13152 2
13154 36
13161 35
13178 11
13179 15
13184 35
13189 23
13193 31
13197 12
13198 4
13203 24
13206 36
13209 0
13222 46
13224 10
13230 30
13236 17
13242 20
13247 21
13250 27
13251 11
13258 35
13260 30
13271 42
13275 10
13276 2
13283 7
13284 4
13286 48
13289 22
13292 42
13295 34
13309 10
13311 45
13319 40
13321 6
13323 41
13325 22
13332 22
13336 33
13337 36
13341 35
13344 0
13347 42
13350 47
13353 35
13355 10
13360 49
13371 39
13374 24
13376 34
13377 27
13379 13
13386 45
13395 35
13399 28
13401 10
13403 29
13409 0
13422 49
13428 4
13429 33
13434 40
13442 28
13444 45
13449 27
13450 27
13453 45
13455 14
13456 23
13457 27
13460 48
13461 15
13462 29
13463 14
13465 33
13466 37
13468 12
13475 4
13478 28
13482 0
13484 33
13485 41
13494 18
13497 11
13519 24
13523 31
13526 36
13540 4
13553 40
13559 46
13560 4
13564 7
13569 28
13578 26
13590 33
13594 12
13597 44
13605 27
13620 36
13622 7
13628 27
13633 28
13635 12
13637 31
13640 21
13641 27
13643 49
13649 25
13651 0
13654 21
13655 47
13658 29
13659 44
13661 10
13662 22
13670 20
13673 6
13683 0
13684 27
13688 10
13695 18
13704 6
13706 4
13712 33
13713 21
13725 17
13727 5
13731 12
13735 14
13736 24
13742 21
13745 35
13747 8
13752 1
13754 29
13757 41
13760 24
13764 41
13768 18
13769 20
13773 9
13776 27
13781 4
13782 17
13783 1
13787 25
13789 36
13790 16
13794 5
13805 1
13807 32
13818 18
13820 35
13825 11
13828 46
13831 38
13839 18
13845 13
13848 30
13849 27
13862 23
13863 20
13865 11
13872 33
13874 10
13877 36
13879 4
13882 29
13887 13
13888 13
13893 13
13900 22
13905 31
13908 31
13909 12
13910 35
13911 25
13912 17
13914 26
13916 39
13918 31
13924 37
13926 22
13937 10
13940 13
13941 35
13959 1
13962 12
13966 20
13967 29
13979 14
13982 20
13983 12
13985 12
13987 4
13988 40
13991 24
14000 42
14001 11
14004 13
14007 35
14016 29
14017 24
14020 20
14021 22
14030 46
14036 28
14037 9
14042 47
14043 35
14047 21
14052 30
14054 29
14061 24
14067 12
14068 46
14072 47
14082 40
14088 2
14089 27
14091 35
14092 18
14095 9
14100 27
14108 36
14109 33
14114 11
14121 31
14122 20
14127 39
14131 36
14136 49
14147 0
14153 11
14156 33
14166 28
14170 20
14172 9
14173 1
14181 36
14186 47
14188 10
14189 29
14191 32
14194 24
14200 5
14203 31
14204 14
14205 7
14208 18
14210 24
14216 7
14230 0
14235 12
14247 12
14262 37
14263 22
14265 35
14267 11
14269 36
14275 10
14285 18
14287 43
14294 29
14295 20
14301 18
14304 49
14310 31
14311 10
14313 17
14314 49
14317 15
14320 0
14324 37
14327 6
14344 30
14348 0
14351 21
14356 47
14359 17
14360 20
14361 39
14365 26
14373 17
14384 47
14389 20
14395 13
14399 10
14400 16
14406 49
14417 15
14428 29
14432 4
14434 0
14437 31
14438 13
14441 10
14444 44
14449 28
14455 27
14456 44
14459 14
14461 40
14465 0
14466 27
14470 1
14472 35
14475 21
14477 42
14478 47
14484 33
14488 23
14491 44
14493 42
14496 21
14498 37
14499 29
14513 26
14516 0
14519 31
14521 17
14525 31
14526 36
14537 41
14542 21
14543 40
14550 10
14556 40
14559 0
14560 36
14563 42
14572 4
14574 43
14576 47
14580 47
14581 33
14584 18
14589 0
14608 23
14612 7
14615 22
14617 43
14621 32
14623 27
14638 31
14644 11
14649 40
14650 2
14655 44
14657 49
14665 13
14669 2
14685 15
14686 45
14692 11
14722 4
14726 46
14740 24
14745 36
14747 15
14749 25
14750 23
14751 31
14756 15
14761 27
14770 17
14779 38
14780 25
14789 11
14794 6
14801 29
14802 38
14803 16
14804 36
14805 24
14813 25
14817 36
14818 6
14824 16
14825 46
14829 42
14832 10
14833 27
14837 13
14838 35
14848 27
14860 33
14861 20
14866 13
14870 22
14871 18
14875 45
14877 29
14881 15
14882 30
14886 26
14891 28
14908 14
14909 10
14910 10
14911 31
14915 0
14918 15
14921 41
14927 15
14934 35
14935 26
14936 33
14937 20
14939 0
14943 39
14945 13
14950 45
14959 5
14961 14
14963 29
14969 27
14974 47
14976 8
14989 18
14992 47
14994 19
14995 4
14997 45
15000 4
15001 4
15006 12
15010 31
15012 22
15013 39
15014 10
15016 36
15017 40
15019 10
15021 30
15031 36
15032 28
15034 16
15041 16
15042 29
15043 26
15045 31
15049 45
15053 46
15055 4
15061 30
15062 29
15065 2
15066 39
15073 37
15081 2
15099 9
15101 17
15107 27
15115 14
15117 29
15125 42
15126 47
15134 17
15139 27
15141 20
15142 28
15146 9
15151 5
15154 17
15156 7
15157 49
15159 2
15161 4
15162 18
15163 12
15165 42
15169 35
15178 23
15179 27
15184 0
15185 31
15187 33
15189 30
15190 27
15193 13
15202 22
15203 40
15207 4
15213 35
15216 14
15218 33
15221 45
15222 28
15225 13
15226 4
15228 1
15241 36
15244 36
15254 33
15257 10
15259 27
15260 49
15262 22
15266 12
15270 41
15271 17
15272 36
15274 30
15277 28
15292 7
15302 30
15303 24
15308 27
15310 12
15313 12
15315 17
15319 3
15327 1
15332 15
15338 31
15340 10
15344 11
15346 12
15348 20
15349 49
15351 26
15357 16
15365 33
15372 19
15381 31
15382 24
15384 0
15388 18
15391 14
15395 38
15398 21
15411 9
15412 28
15419 1
15421 29
15432 20
15434 12
15437 47
15442 2
15444 35
15445 21
15451 35
15454 30
15458 18
15463 13
15472 49
15478 16
15497 28
15498 20
15499 9
15502 10
15507 24
15510 24
15512 27
15514 6
15518 15
15522 22
15526 10
15527 10
15528 14
15529 23
15530 48
15531 27
15536 26
15545 19
15551 17
15553 12
15561 26
15565 20
15567 20
15574 10
15581 17
15589 1
15591 20
15597 35
15600 44
15601 7
15618 28
15629 4
15632 33
15636 8
15642 28
15643 17
15645 11
15646 18
15655 15
15658 25
15662 42
15667 28
15671 8
15680 21
15689 16
15692 21
15693 22
15694 18
15696 27
15701 23
15707 12
15711 6
15712 11
15719 17
15725 12
15733 10
15740 16
15742 7
15743 15
15744 24
15746 13
15747 49
15753 10
15756 21
15760 5
15762 24
15772 0
15774 27
15776 7
15778 48
15779 33
15781 21
15783 20
15786 33
15787 0
15790 27
15791 1
15801 49
15803 35
15805 15
15808 0
15810 47
15812 17
15814 1
15818 23
15820 35
15824 44
15835 7
15841 4
15847 20
15849 20
15863 18
15865 32
15871 25
15872 40
15875 14
15888 27
15893 29
15896 10
15897 36
15903 22
15905 0
15908 9
15912 12
15915 26
15924 17
15926 39
15927 49
15933 36
15935 26
15944 35
15945 1
15953 9
15959 17
15961 16
15962 46
15964 24
15972 4
15991 9
15993 17
15996 46
15999 33
16002 13
16010 49
16014 12
16028 14
16036 26
16046 18
16050 3
16051 21
16055 14
16058 28
16060 12
16063 1
16066 1
16079 15
16081 46
16083 21
16087 17
16089 49
16090 28
16092 22
16097 44
16101 7
16102 41
16106 37
16109 7
16111 4
16113 43
16114 33
16120 49
16123 47
16126 35
16127 24
16129 44
16137 15
16140 27
16141 31
16143 28
16144 17
16147 33
16151 26
16155 27
16157 29
16166 15
16172 47
16174 20
16176 9
16193 26
16196 10
16201 47
16202 20
16213 13
16214 26
16216 22
16219 4
16220 2
16221 11
16225 42
16233 28
16235 35
16241 29
16247 10
16254 1
16257 22
16260 37
16262 33
16271 24
16273 27
16274 15
16282 13
16283 7
16285 35
16293 35
16301 6
16302 7
16312 14
16315 22
16317 30
16328 49
16329 11
16333 14
16336 23
16341 1
16349 1
16352 16
16354 7
16356 13
16359 42
16367 49
16373 44
16374 44
16377 17
16380 4
16384 20
16389 45
16391 27
16392 45
16393 45
16415 13
16421 31
16423 31
16426 1
16427 15
16429 13
16430 43
16442 24
16445 29
16449 16
16450 44
16453 46
16455 1
16461 41
16466 20
16470 49
16474 42
16476 46
16480 24
16482 21
16490 10
16491 0
16493 0
16497 27
16501 0
16502 16
16505 43
16507 22
16508 21
16509 1
16520 7
16536 44
16540 44
16554 19
16557 16
16559 9
16560 13
16567 9
16584 46
16589 45
16590 28
16592 18
16598 45
16600 36
16625 41
16626 37
16627 27
16637 37
16639 12
16642 24
16643 10
16645 31
16648 11
16649 48
16657 18
16658 31
16662 10
16667 30
16677 29
16685 37
16697 18
16701 35
16709 23
16711 10
16715 39
16717 1
16718 14
16720 12
16729 14
16732 27
16733 38
16734 27
16740 4
16751 33
16754 20
16757 41
16759 45
16763 46
16766 44
16768 35
16771 38
16778 13
16789 20
16791 11
16798 10
16805 44
16806 36
16808 32
16813 14
16816 20
16826 40
16836 16
16839 40
16843 15
16846 21
16849 31
16850 24
16852 25
16855 39
16856 44
16860 14
16863 49
16866 14
16868 12
16880 12
16882 10
16887 31
16895 18
16899 45
16903 22
16905 30
16912 13
16915 18
16920 27
16924 0
16926 4
16930 18
16944 24
16947 9
16949 21
16952 43
16953 14
16957 14
16960 14
16963 30
16964 35
16967 13
16970 40
16971 28
16975 6
16979 9
16982 11
16993 28
16994 33
16996 26
16999 12
17001 6
17003 2
17005 30
17006 28
17007 40
17008 13
17013 4
17022 24
17023 28
17025 45
17031 14
17032 23
17034 25
17035 20
17039 33
17043 26
17044 11
17046 21
17048 30
17050 38
17053 39
17057 4
17074 3
17075 27
17083 45
17085 31
17093 33
17094 33
17095 4
17096 4
17097 0
17098 6
17100 49
17101 1
17111 2
17113 5
17134 36
17138 33
17143 13
17148 4
17149 10
17156 26
17158 0
17159 31
17163 39
17165 6
17169 4
17172 11
17174 18
17178 38
17180 20
17182 40
17185 1
17190 32
17200 12
17204 16
17205 33
17206 19
17211 28
17217 20
17218 42
17226 27
17231 49
17241 33
17242 6
17251 8
17254 2
17255 14
17266 49
17269 22
17271 12
17272 13
17277 49
17280 33
17281 42
17286 48
17288 21
17307 1
17313 42
17315 24
17316 29
17317 45
17320 30
17322 20
17327 8
17329 1
17330 44
17332 35
17339 38
17341 12
17350 47
17351 1
17352 27
17358 8
17370 0
17374 16
17378 22
17379 29
17384 16
17393 42
17396 8
17401 4
17404 35
17405 35
17406 42
17409 24
17414 12
17426 0
17436 15
17444 49
17445 44
17448 46
17450 30
17455 35
17458 46
17471 47
17473 33
17474 40
17483 25
17487 39
17488 39
17489 44
17490 22
17492 8
17495 15
17500 28
17503 42
17505 1
17508 17
17517 13
17530 44
17533 14
17536 31
17538 33
17540 21
17550 35
17553 28
17557 49
17560 35
17562 40
17574 1
17575 12
17585 49
17588 9
17594 35
17601 37
17604 47
17605 11
17609 25
17612 7
17616 24
17617 17
17619 33
17621 24
17623 20
17627 4
17630 49
17631 18
17646 26
17649 38
17651 10
17668 47
17671 3
17682 21
17684 8
17686 21
17687 22
17688 16
17689 4
17700 4
17701 28
17707 44
17713 18
17715 36
17716 30
17723 30
17724 10
17729 16
17733 16
17734 43
17736 13
17740 17
17745 16
17746 39
17755 49
17756 35
17758 23
17774 38
17775 30
17776 13
17782 43
17784 5
17785 31
17789 35
17795 3
17797 30
17803 46
17805 8
17813 12
17816 17
17818 3
17819 17
17820 32
17845 42
17848 9
17850 13
17851 4
17857 13
17866 27
17872 35
17874 27
17875 42
17878 18
17885 13
17886 28
17887 28
17894 30
17901 0
17902 35
17906 29
17909 17
17912 11
17920 49
17921 11
17929 44
17934 12
17940 30
17944 0
17951 31
17952 28
17953 20
17954 31
17961 10
17966 41
17977 44
17983 27
17992 8
18001 22
18007 24
18009 40
18014 38
18024 42
18032 11
18034 22
18038 14
18041 1
18050 31
18051 8
18056 45
18058 11
18063 4
18070 10
18072 8
18073 14
18075 45
18078 28
18083 12
18086 27
18091 29
18092 13
18098 17
18102 30
18107 13
18108 42
18109 2
18111 9
18114 39
18118 42
18119 21
18122 16
18124 45
18136 28
18139 24
18147 1
18159 25
18160 0
18164 49
18165 47
18171 27
18174 35
18177 38
18182 29
18184 5
18185 20
18189 11
18196 4
18200 11
18214 37
18216 32
18220 27
18224 4
18228 21
18232 10
18233 46
18235 13
18237 9
18241 33
18247 35
18250 36
18251 21
18254 35
18257 14
18258 40
18260 37
18267 27
18269 16
18276 31
18277 20
18280 1
18281 1
18283 21
18288 46
18293 22
18303 28
18306 4
18310 33
18316 41
18325 27
18333 42
18341 17
18342 45
18344 29
18347 4
18349 2
18350 1
18357 38
18364 28
18365 20
18367 29
18372 10
18376 24
18383 36
18385 4
18386 47
18389 9
18391 33
18399 4
18404 19
18407 4
18408 13
18413 4
18416 4
18419 26
18440 26
18442 26
18446 20
18452 25
18457 2
18459 13
18469 47
18470 13
18475 10
18481 2
18486 11
18487 42
18498 24
18532 23
18533 36
18556 43
18557 29
18558 1
18559 5
18562 49
18564 11
18568 10
18569 24
18571 31
18578 17
18582 29
18585 18
18587 26
18594 2
18604 39
18606 22
18608 30
18613 40
18615 48
18620 6
18621 35
18628 10
18632 18
18642 12
18643 36
18648 2
18650 44
18651 31
18657 7
18672 7
18675 0
18677 44
18678 20
18681 22
18682 34
18683 31
18687 18
18697 9
18702 9
18705 20
18707 16
18709 30
18711 43
18715 18
18716 40
18717 46
18726 32
18731 44
18733 18
18741 11
18746 47
18748 29
18753 40
18754 4
18768 12
18769 8
18776 3
18777 46
18793 9
18795 6
18796 21
18799 49
18800 24
18805 5
18815 36
18820 23
18821 16
18827 0
18842 27
18850 17
18854 11
18857 48
18860 45
18872 33
18874 10
18882 33
18884 38
18887 22
18890 31
18895 15
18908 46
18910 29
18913 35
18919 40
18921 12
18923 35
18929 13
18931 24
18933 40
18934 47
18949 13
18952 29
18953 1
18954 26
18971 49
18987 20
18989 10
18990 18
18991 35
18994 36
18998 10
18999 45
19000 33
19005 18
19014 22
19017 22
19020 29
19021 9
19022 35
19025 26
19026 0
19028 42
19031 29
19033 27
19035 11
19039 10
19042 21
19047 41
19049 14
19053 24
19055 47
19057 31
19059 0
19062 44
19064 4
19066 1
19078 14
19083 38
19084 18
19085 6
19087 29
